[gd_scene load_steps=13 format=3 uid="uid://ctlckg7mv4a4q"]

[ext_resource type="Texture2D" uid="uid://bujjy51xwbx3s" path="res://textures/TactilePaving002_2K-JPG_NormalDX.jpg" id="1_0acho"]
[ext_resource type="PackedScene" uid="uid://cn85xu11fe7bj" path="res://Assets/character.tscn" id="1_l2ufd"]
[ext_resource type="Texture2D" uid="uid://djbcednf5d033" path="res://textures/TactilePaving002_2K-JPG_Roughness.jpg" id="2_7cqd7"]
[ext_resource type="Script" path="res://Scripts/character.gd" id="2_6683b"]
[ext_resource type="Environment" uid="uid://boriy816r2blq" path="res://new_environment.tres" id="3_4ul8f"]
[ext_resource type="Script" path="res://addons/interpolated_camera_3d/interpolated_camera_3d.gd" id="3_bbfw4"]
[ext_resource type="Script" path="res://Scripts/RigidBody3D.gd" id="5_8hipw"]

[sub_resource type="BoxShape3D" id="BoxShape3D_0r4sl"]
size = Vector3(30, 30, 1)

[sub_resource type="StandardMaterial3D" id="StandardMaterial3D_w85t1"]
albedo_color = Color(0.109804, 0.356863, 0.658824, 1)
roughness_texture = ExtResource("2_7cqd7")
normal_enabled = true
normal_scale = -3.0
normal_texture = ExtResource("1_0acho")
uv1_scale = Vector3(0.2, 0.2, 0.2)
uv1_triplanar = true

[sub_resource type="BoxMesh" id="BoxMesh_u5f0w"]
material = SubResource("StandardMaterial3D_w85t1")
size = Vector3(30, 30, 1)

[sub_resource type="BoxShape3D" id="BoxShape3D_ffpqw"]

[sub_resource type="BoxMesh" id="BoxMesh_i0blb"]

[node name="Level" type="Node3D"]
transform = Transform3D(1, 0, 0, 0, -0.729602, 0.683872, 0, -0.683872, -0.729602, 0, 0, 0)

[node name="Floor" type="StaticBody3D" parent="."]
transform = Transform3D(1, 0, 0, 0, 0.681998, -0.731354, 0, 0.731354, 0.681998, 0, 0.729602, -0.683872)

[node name="CollisionShape3D" type="CollisionShape3D" parent="Floor"]
transform = Transform3D(1, 0, 0, 0, 1, -2.32831e-10, 0, 2.32831e-10, 1, 0, 0, 0)
shape = SubResource("BoxShape3D_0r4sl")

[node name="MeshInstance3D" type="MeshInstance3D" parent="Floor"]
transform = Transform3D(0.999999, 0.000522709, 0.00161611, -0.000521761, 1, -0.000589181, -0.00161642, 0.000588341, 0.999999, 0, 0, 0)
mesh = SubResource("BoxMesh_u5f0w")

[node name="Character" parent="." instance=ExtResource("1_l2ufd")]
transform = Transform3D(1, 0, 0, 0, 0.677158, -0.735837, 0, 0.735837, 0.677158, 0, -0.869659, -0.122171)
collision_layer = 2
collision_mask = 3
script = ExtResource("2_6683b")

[node name="CameraTarget" type="Node3D" parent="Character"]
transform = Transform3D(100, 0, 0, 0, 49.4913, -86.8943, 0, 86.8943, 49.4913, 0, -7.63672, 4.2404)

[node name="Camera" type="Camera3D" parent="." node_paths=PackedStringArray("target")]
transform = Transform3D(1, 0, 0, 0, -0.44149, -0.897266, 0, 0.897266, -0.44149, 0, -26.2868, -14.1469)
environment = ExtResource("3_4ul8f")
script = ExtResource("3_bbfw4")
target = NodePath("../Character/CameraTarget")

[node name="DirectionalLight3D" type="DirectionalLight3D" parent="."]
transform = Transform3D(0.999717, 0.0162789, 0.0173673, -0.0162789, 0.999867, -0.000141859, -0.0173673, -0.000140876, 0.999849, 0, -9.10386, 8.53325)
light_color = Color(0.521752, 0.464543, 0.657477, 1)
light_energy = 1.5
shadow_enabled = true
directional_shadow_blend_splits = true

[node name="RigidBody3D" type="RigidBody3D" parent="."]
transform = Transform3D(1, 0, 0, 0, 1, 0, 0, 0, 1, -3.9373, -2.48878, 2.68677)
collision_layer = 4
collision_mask = 7
script = ExtResource("5_8hipw")

[node name="CollisionShape3D" type="CollisionShape3D" parent="RigidBody3D"]
shape = SubResource("BoxShape3D_ffpqw")

[node name="MeshInstance3D" type="MeshInstance3D" parent="RigidBody3D"]
layers = 4
mesh = SubResource("BoxMesh_i0blb")
